# Common Small Passwords - Top passwords for quick brute force
# Source: SecLists Pwdb_top-1000, 2025-2026 breach data
#
!!!4545
!"¹123
!"¹;1234
!"¹¹")
!()*#"EL
!)QPA:Z?
!4543435
!@#!@#
!@#$%^&
!@#$%^&*(
!@#$%^&*()
!@#dsa3
!@$@@
!@QWASZX
!AWX#DRV%G
!Q@W#E
!QAZ@WSX#EDC
!î("5â"
$"-E*(
$#@!
$dd
%,r<xr77
%`U%LbL
')(@#
'0-)@
'=*Xw0y`
(4958
(CBB&"
(e"&<N(P
)#s0#as
)$DFS
)*&>+$m
)@##(*
)@*6+d6
*aj!Ws
*y+x-
+)
+2w^+[g
+[Fz;)kP
+m&Db?p-
-
-9@19
-=pass=-
.
.,mn
.<(zGx3
/q'mL|Q^
0
000
0000
00000
000000
0000000
00000000
000001
000002
000003
000004
000005
000006
000007
000008
000009
000010
000010509494
000011
00001111
000012
000013
000014
000015
000016
000017
000018
000019
000020
000021
000022
000023
000024
000025
000026
000027
000028
000029
000030
000031
000032
0000327
000033
000034
000035
000036
000037
000038
000039
000040
000041
000042
000043
000044
000045
000046
000047
000048
000049
000050
000051
000052
000053
000054
000055
000056
000057
000058
000059
000060
000061
000062
000063
000064
000065
000066
00006666
000067
000068
000069
000070
000071
000072
000073
000074
000075
0000752
000076
000077
000078
00007859389383
000079
000080
000081
000082
000083
000084
000085
000086
000087
000088
000089
000090
00009051425167
000091
000092
000093
000094
000095
000096
000097
000098
000099
00009999
000100
000101
000102
000103
000103857452228
000104
000105
000106
000107
000108
000109
000110
000111
000112
000113
000114
000115
000116
000117
000118
000119
000119908
000120
000121
000122
000123
000124
000125
000126
000127
000128
000129
000130
000131
000132
000133
000134
000135
000136
000137
000137913
000138
000139
000140
000141
000142
000143
000144
000145
000146
000147
000148
000149
000150
000151
000152
000153
000154
000155
000156
000157
000158
000159
000160
000161
000162
000163
000164
000165
000166
000167
000168
000169
000170
000171
000172
000173
000174
000175
000176
000177
000178
000179
000179556001087
000180
000181
000182
000183
000184
000185
000186
000187
000188
000189
0001895
000190
000191
000191315274
000192
000193
000194
000195
000196
000197
000197594
000198
000199
0001vgejdn1a5xqz
000200
000201
000202
000203
000204
0002044037
000205
000206
000207
000207787359
000208
000209
000210
000211
000212
000213
000214
000215
000216
000217
000218
000219
000220
000221
000222
000223
000224
000225
000226
000227
000228
000229
000230
000231
000232
000233
000234
000235
000236
000237
000238
000239
000240
000241
00024133
000242
000243
000244
000245
000246
000247
000248
000249
000250
000251
000252
000253
000254
000255
000256
000257
000258
000259
000260
000261
000262
000263
000264
000265
000266
000267
000268
000269
000270
000271
000272
000273
000274
000275
000275656498
000276
000277
000278
000279
000280
000281
000282
000283
000284
000285
000286
000287
000288
000289
000290
000291
000292
000293
000294
000295
000296
000297
000298
000299
000300
000301
000302
000303
000304
000305
000306
000307
000308
000309
000310
000311
000312
000313
000314
000315
000316
000317
000318
000319
000320
000321
000322
000323
00032331116583
000324
000325
000326
000327
000328
000329
0003291482
000330
000331
000332
000333
000334
000335
000336
000337
000338
000339
000340
000341
000342
000343
000344
0003440495055226
000344989121
000345
000346
000347
000348
000349
000350
000351
000352
000353
000354
000355
000356
000357
000358
000359
000360
000361
000362
000363
000364
000365
000365430500846
000366
000367
000368
000369
000370
000371
000372
000373
000374
000375
000376
000377
000378
000379
000380
000381
000382
000383
000384
000385
000386
000387
000388
000389
000390
000391
000392
000393
000394
000395
000396
000397
000398
000399
000400
000401
000402
000403
000404
000405
000406
000407
000408
000409
00040971990
000410
000411
000412
000413
000414
000415
000416
000417
000418
000419
000420
000421
000422
000423
000424
000425
000426
000427
000428
000429
000430
000431
000432
000433
000434
000435
000436
000437
000438
0004384
000439
000440
000441
000442
000443
000444
000445
000446
000447
000448
000449
000450
000451
000452
000453
000454
000455
000456
000457
000458
0004589747719028
000459
000460
000461
000462
000463
000464
000465
000466
000467
000468
000469
000470
000471
000472
000473
00047304926
000474
000475
000476
000476495609
000477
000478
000479
000480
000481
000482
000483
000484
000485
000486
000487
000488
000489
000490
000491
000491158
000492
000493
000494
0004942840
000495
000496
000497
000498
00049839782665
000499
000500
000501
000502
000503
000504
000505
000506
000507
000508
000509
000510
000511
000512
000513
00051391263
000514
000515
000516
000517
000518
000519
000520
000521
000522
000523
000524
000525
000526
000527
000528
000529
000530
000531
000532
000533
000534
000535
000536
000537
000538
000539
000540
000541
000542
000543
000544
000545
000546
000547
000548
000549
000550
000551
000552
000553
000554
000555
000556
000557
000558
00055879
000559
000560
000561
000562
000563
000564
000565
000566
000567
000568
000569
000570
000571
000572
000573
000574
000575
0005752234476
000576
000577
000578
000579
000580
000581
000582
000583
000584
000585
000586
000587
000588
000589
000590
000591
000592
000593
000594
000595
000596
000597
000598
000599
000600
000601
000602
000603
000604
000605
000606
000607
000608
000609
000610
000611
000612
000613
000614
000615
000616
000617
000618
000619
000620
000621
000622
000623
000624
000625
000626
000627
000628
000629
000630
000631
000632
000633
000634
000635
000636
000637
000638
000639
0006391
000640
000641
000642
000643
000644
000645
000646
000647
000648
00064808284
000649
000650
000651
000652
000653
000654
000655
000656
000657
000658
000659
000660
000661
000662
0006629713145
000663
000664
000665
000666
000667
000668
000669
000670
000671
0006714
000672
000673
000674
000675
000676
000677
000678
000679
000680
000681
000682
000683
000684
000685
000686
000687
000688
000689
000690
000691
000692
000693
000694
000695
000696
000697
000698
000699
000700
000701
000702
0007022977
000703
000704
000705
000706
000707
000708
000709
000710
0007103607
000711
000712
000713
000714
000715
000716
000717
000718
000719
000720
000721
000722
000723
000724
000725
000726
000727
000728
000729
000730
000731
000732
000733
000734
000735
000736
000737
000738
000739
000740
000741
000742
000743
000744
000745
00074550918
000746
000747
000748
000749
000750
000751
000752
000753
000754
000755
000756
000757
000758
000759
000760
000761
000762
000763
000763928
000764
000765
000766
000766086872
000767
000768
000769
0007692
000770
000771
000772
000773
000774
000775
000776
000777
000778
000779
000780
000781
000782
000783
000784
0007841176
000785
000786
000787
000788
000789
000790
000791
000792
0007922
000793
000794
000795
000796
000797
000798
000799
000800
000801
000802
000803
000804
000805
00080500865
000806
000807
000808
000809
000810
000811
000812
000813
000814
000815
000816
000817
000818
000819
000820
000821
000822
000823
000824
000825
000826
000827
000828
000829
000830
000831
000832
000833
000834
000835
000836
000836226318966
000837
000838
000839
000840
000841
000842
0008425
000843
000844
000845
000846
000847
000848
000849
000850
000851
000852
000853
000854
000855
000856
000856611881437
000857
000858
000859
000860
000861
000862
000863
000864
000865
000866
000867
000868
000869
00086929068648
000870
000871
000872
000873
000874
000875
000876
000877
000878
000879
000880
000881
000882
000883
000884
000885
000886
000887
000888
010203
0123456
0123456789
0987654321
101010
102030
1111
11111
111111
1111111
11111111
1111111111
112233
11223344
121212
123
123123
123123123
123321
1234
12341234
12344321
12345
123456
1234561
1234567
12345678
123456789
1234567890
1234567891
12345678910
123456789a
123456a
123456abc
12345qwert
1234qwer
123654
123654789
123abc
123hfjdk147
123qwe
123qweasd
123qweasdzxc
12qwaszx
131313
147258
147258369
147852
147852369
159357
159753
1q2w3e
1q2w3e4r
1q2w3e4r5t
1q2w3e4r5t6y
1qaz2wsx
1qaz2wsx3edc
1qazxsw2
212121
222222
232323
333333
456123
456789
5201314
55555
555555
654321
666666
696969
741852963
777777
7777777
789456
789456123
87654321
888888
88888888
987654
987654321
999999
Aa123455
D1lakiss
Exigent
Indya123
N0=Acc3ss
P@ssw0rd
Password
Password1
Status
a123456
a123456789
a1b2c3d4
aa123456
aaaaaa
abc123
abcd1234
abcdef
adidas
admin123
adrian
alexander
alexis
amanda
andrea
andrew
angel
angela
angels
anhyeuem
anthony
arsenal
asd123
asdasd
asdasdasd
asdf
asdf1234
asdfasdf
asdfgh
asdfghjkl
ashley
asshole
austin
azerty
babygirl
bailey
banana
bandit
barbie
barcelona
baseball
basketball
batman
benjamin
blink182
brandon
bubbles
buster
butterfly
carlos
changeme
charlie
cheese
chelsea
chicken
chocolate
christian
cocacola
computer
cookie
daniel
danielle
dennis
destiny
diablo
diamond
dragon
edward
elizabeth
eminem
family
ferrari
flower
football
forever
freedom
friends
friendster
fuckoff
fuckyou
gabriel
george
gfhjkm
ginger
google
hahaha
hannah
harley
hello
hello123
hockey
hunter
iloveu
iloveyou
iloveyou1
internet
jackson
jasmine
jasper
jennifer
jessica
jesus
jonathan
jordan
jordan23
joseph
joshua
junior
justin
killer
lauren
letmein
liverpool
liverpool1
lol123
lollol
london
love
lovely
loveme
lovers
loveyou
madison
maggie
marina
martin
master
matrix
matthew
melissa
mercedes
metallica
michael
michael1
michelle
mickey
minecraft
monkey
monster
morgan
mother
mustang
naruto
nathan
never
nicholas
nicole
nks230kjs82
oliver
orange
pakistan
pass@123
passw0rd
password
password1
password123
patrick
peanut
pepper
phoenix
pokemon
pokemon1
pretty
prince
princess
purple
q1w2e3
q1w2e3r4
q1w2e3r4t5
q1w2e3r4t5y6
qazwsx
qazwsxedc
qqqqqq
qwe123
qweasd
qweasdzxc
qweqwe
qwer1234
qwerty
qwerty1
qwerty12
qwerty123
qwerty12345
qwertyui
qwertyuiop
rachel
rainbow
rental
richard
robert
ronaldo
rr123456rr
samantha
samsung
samuel
sandra
school
secret
shadow
silver
skibidi
slipknot
snoopy
soccer
sophie
spiderman
startfinding
starwars
steven
summer
sunshine
super123
superman
taylor
tennis
thomas
thunder
tigger
trustno1
vanessa
victoria
welcome
whatever
william
xbox360
xxxxxx
yellow
yuantuo2012
zaq12wsx
zxcvbn
zxcvbnm
